130.4025268555
168.1328125
279.7183227539
130.4414520264
265.0109558105
48.4803390503
83.213142395
186.0843200684
100.6294937134
80.3668441772
56.2694511414
84.7674484253
94.4623336792
46.1682052612
215.3021392822
26.7240142822
119.4846343994
166.1316223145
183.9200592041
168.3714447021
89.4788818359
119.2571487427
72.3166427612
36.796710968
72.1157302856
39.7318077087
127.9184417725
58.8482208252
83.6217269897
89.3576126099
35.4475288391
198.9389038086
144.7050170898
207.2552947998
317.7300109863
227.3721008301
159.2929992676
63.982963562
189.9544219971
105.6573410034
204.9904174805
35.1457099915
43.3446655273
53.9808349609
68.6415710449
268.9441833496
234.8766479492
59.613861084
197.2433776855
63.9982528687
50.9028968811
104.4354782105
117.713432312
58.6795387268
73.2315216064
130.4628143311
59.9523582458
63.900138855
118.0439987183
269.2895202637
162.1352539063
169.091003418
44.9084434509
151.492401123
151.7975463867
92.8944473267
115.7632293701
116.9736633301
46.350479126
122.5005874634
53.2239608765
74.3633499146
158.8564300537
152.1285400391
39.5037345886
47.8621635437
115.3739471436
160.8647460938
113.9516830444
74.2909622192
213.1731109619
150.5526580811
36.859539032
123.9793395996
127.9537506104
154.2059173584
14.0813837051
49.527431488
139.6710357666
53.4813270569
223.9335479736
41.2396697998
130.3073425293
133.1450958252
96.6470947266
233.3750915527
70.8282928467
53.2463340759
43.5830955505
28.1134471893
44.9363441467
157.6328887939
151.9196472168
53.8095321655
30.4346942902
30.5834293365
120.1422348022
190.5037384033
141.8306274414
145.1280975342
50.0247879028
67.045211792
212.9708862305
152.2357635498
9.2249288559
174.6191558838
50.6733665466
32.8817596436
67.6898498535
146.5209197998
176.7059326172
84.1398773193
149.8084564209
274.9394836426
89.5604095459
34.1938018799
126.8468017578
179.8260192871
292.1713256836
184.8599853516
118.9685211182
71.9059524536
205.1804046631
42.3952064514
205.8411560059
39.0020866394
43.8541488647
60.3465538025
40.970867157
38.1913223267
160.033996582
109.6664505005
53.5326805115
151.4900817871
68.3047180176
94.7993087769
79.0938796997
152.0335388184
58.4427185059
120.9744262695
39.9792022705
44.4900588989
39.3331451416
67.4317398071
79.5770797729
221.6927642822
157.6591186523
74.3589019775
184.9275054932
70.470489502
51.0310516357
182.1726989746
168.5620117188
43.6224250793
58.8020362854
75.6788482666
132.7571258545
84.5434341431
124.4127197266
65.9509658813
39.5256996155
125.9975204468
45.8907661438
155.233001709
76.7871322632
39.3780822754
66.8953170776
93.4995040894
186.6851806641
83.7112121582
201.1162719727
33.3867416382
49.8451385498
233.2745361328
87.2436599731
183.1125183105
39.5603256226
121.3146743774
92.87159729
170.2199554443
50.4519805908
146.8022613525
58.9543876648
147.7468719482
58.5717849731
124.91355896
63.6581954956
127.3349609375
156.197769165
89.2093811035
252.354598999
82.9197463989
151.4372253418
85.9337539673
120.5809631348
305.1034851074
50.5820007324
43.4719467163
64.9323043823
35.7231063843
70.400604248
107.5378341675
200.2029724121
72.0581130981
235.8048400879
61.3230743408
31.0568408966
140.4865722656
41.0254859924
101.2154541016
27.1202373505
98.7903823853
92.2673797607
27.8160362244
124.6761703491
155.9172821045
317.0354309082
25.8579807281
48.7864990234
33.0619468689
75.3812255859
147.0511016846
17.4599914551
51.1581001282
53.7985076904
125.2243881226
44.7048110962
45.9642982483
71.5956878662
68.7386474609
166.2727050781
80.0972976685
117.7620849609
35.8476753235
148.7810668945
51.0511283875
66.7567825317
231.5632019043
70.954498291
26.2529659271
53.1957168579
36.2514533997
71.4087600708
24.8057804108
50.8599700928
34.8803138733
48.5923957825
137.1320343018
44.1340713501
166.1929779053
26.9812335968
151.0630340576
314.8036193848
144.7157440186
59.5293159485
58.9623985291
128.9704284668
29.7331447601
160.8232574463
123.756362915
294.5896911621
107.1048278809
178.2922210693
94.3977661133
44.2220039368
55.2634277344
198.9730072021
102.5084152222
54.7706336975
131.0489349365
33.7262268066
127.4844894409
86.7416305542
204.4831542969
122.8846511841
66.9130554199
128.375869751
83.0187911987
59.4415817261
252.1893463135
141.2237701416
73.6069869995
31.0572490692
192.0966491699
232.1653747559
294.6048278809
169.4557952881
99.3955230713
157.5953979492
111.2493362427
50.3323287964
147.6800994873
131.4805450439
139.382522583
113.266998291
209.8424987793
80.0836257935
82.3122406006
133.0034332275
166.7146759033
29.8806285858
16.3508243561
115.4593276978
190.0043792725
72.7168655396
66.5891723633
163.2154388428
80.7459640503
48.1332969666
40.4450340271
59.864112854
90.0891799927
42.6090545654
145.5192260742
56.6154632568
104.3883895874
52.43775177
35.5517044067
45.2976379395
118.3322906494
116.1462783813
193.4620361328
214.7292938232
178.7829437256
78.9489517212
300.4304199219
184.3365631104
82.6107177734
69.9738998413
120.0531921387
38.4803390503
104.8795700073
56.9603996277
242.4200897217
222.2305603027
129.854095459
185.1752624512
148.9934844971
96.9090118408
223.3938751221
183.7180480957
87.5611572266
237.6726837158
37.3979454041
281.2011108398
152.756652832
47.4562187195
54.5081176758
62.4017562866
181.6941375732
194.8863372803
56.0700035095
69.0339889526
168.1775665283
35.5251312256
85.4921646118
51.7173919678
52.1818656921
102.008354187
57.4809188843
91.1310348511
238.7671356201
160.1214599609
7.2542829514
45.2916183472
79.3526153564
86.616645813
182.4144134521
128.267868042
160.404006958
65.4406051636
113.5556640625
71.1836547852
72.2728729248
59.3185501099
31.6464614868
96.7125549316
191.7555236816
78.4823303223
64.9106521606
60.9785690308
165.6764068604
45.4388198853
127.2320861816
164.2556610107
51.8374404907
63.4776573181
43.3714866638
88.8698425293
86.4769668579
43.0548171997
256.6925964355
61.0190315247
50.9262771606
112.1208877563
125.244972229
58.2137794495
59.7644577026
89.1166915894
33.0877075195
96.5693359375
29.3265762329
197.5630645752
104.7182846069
66.141998291
67.1624298096
58.3681221008
63.8433570862
16.9205493927
27.2581214905
102.275932312
180.1172180176
169.4593353271
118.6730804443
33.1503639221
147.640411377
98.5637054443
41.9515533447
95.8241195679
338.7140808105
112.5796508789
163.7416992188
110.4445114136
39.9295120239
89.724067688
138.8522949219
110.4851913452
260.9033508301
134.0317687988
29.8618717194
37.5149726868
121.0905609131
87.8148422241
64.1560974121
93.420501709
83.2626113892
53.170715332
45.6024513245
36.6874465942
112.1021652222
66.3327026367
147.9868469238
178.6761322021
185.4444885254
35.1147727966
123.0045471191
66.9716110229
74.4707870483
96.3302536011
109.8138046265
58.6079101563
37.2106208801
319.8076477051
119.053276062
136.2784729004
37.9127388
64.8099212646
32.8246498108
143.5679931641
59.2495956421
84.3741455078
112.1388473511
105.2347640991
75.0888290405
190.5414581299
34.29479599
89.7325286865
243.0317230225
129.9910736084
98.5828018188
53.2413673401
35.7955284119
43.5825576782
28.0959873199
64.2548751831
181.1683959961
35.1832771301
48.2616195679
152.7897491455
148.7572479248
106.0827941895
60.0267601013
125.3418273926
59.246181488
160.6942138672
39.3062667847
127.6563720703
127.6941986084
98.5007553101
75.266746521
182.130645752
152.7863464355
93.1193313599
27.9320697784
137.8993377686
139.0916442871
52.1996078491
54.0512695313
46.0411453247
47.7006568909
68.0639648438
102.5767440796
41.9888305664
335.1583862305
40.9192008972
50.319606781
137.4450073242
85.4760055542
141.5257568359
134.0865478516
65.4551849365
65.047088623
176.835144043
73.6070404053
107.8272247314
153.1093597412
241.3364105225
116.717956543
71.5012283325
132.8243713379
47.7033309937
79.633895874
65.6156768799
144.6005249023
129.8736114502
43.1573181152
91.1864700317
80.4256057739
165.4281463623
152.0955047607
124.9653167725
87.2860870361
260.804901123
91.0768508911
56.6907424927
66.2625808716
296.9274597168
38.7030982971
90.2574157715
267.3151855469
76.0066833496
162.2125091553
70.5260238647
145.0804748535
99.3318481445
73.1015930176
170.5673980713
71.3813171387
50.1176490784
184.544921875
152.1245117188
63.2765655518
54.8000259399
237.6117858887
54.301525116
48.4703674316
42.3357200623
147.1900634766
30.832567215
129.9848175049
